04235,2007-01-04T00:24:22+00:00,37.786216,-122.401866
04239,2007-01-07T02:41:53+00:00,37.786053,-122.401885
04273,2007-01-06T04:19:47+00:00,37.788141,-122.403149
04348,2007-01-07T00:48:29+00:00,37.785917,-122.401523
04349,2007-01-05T15:42:58+00:00,37.786009,-122.402645
04434,2007-01-03T01:45:43+00:00,37.786376,-122.402317
04451,2007-01-07T10:07:26+00:00,37.787695,-122.402377
04486,2007-01-05T23:19:03+00:00,37.787552,-122.400357
04495,2007-01-07T23:03:39+00:00,37.787408,-122.400754
04511,2007-01-03T02:23:56+00:00,37.786421,-122.402063
04524,2007-01-04T18:29:19+00:00,37.787566,-122.400499
04578,2007-01-05T01:08:09+00:00,37.787267,-122.400529
04744,2007-01-05T01:25:03+00:00,37.785818,-122.401398
04788,2007-01-07T10:10:14+00:00,37.787644,-122.400642
04874,2007-01-07T04:46:35+00:00,37.785391,-122.402828
04877,2007-01-07T16:31:04+00:00,37.786191,-122.402837
04976,2007-01-05T17:37:33+00:00,37.786615,-122.402479
04996,2007-01-05T05:53:17+00:00,37.786084,-122.401853
